# Sneden, Cowan, & Gallino (2008)
# Table 1  Solar-system isotopic abundance breakdowns by s- and r-process
# Element Z   Isotope N[s]    N[r]
Ga  31  69  11.137  11.60
        71  10.413  4.700
Ge  32  70  15.000  0.000
        72  18.323  14.00
        73   3.531  5.670
        74  15.733  27.30
        76   0.000  9.200
As  33  75   1.456  5.330
Se  34  76   4.656  0.000
        77   1.679  3.040
        78   7.402  7.210
        80   7.446  24.30
        82   0.000  5.710
Br  35  79   0.450  0.000
        81   0.479  4.640
Kr  36  80   1.021  0.000
        82   6.207  0.000
        83   1.989  3.750
        84  10.575  18.00
        86   9.481  0.930
Rb  37  85   0.690  2.790
        87   2.214  0.100
Sr  38  86   2.111  0.000
        87   1.443  0.000
        88  16.986  2.550
Y   39  89   3.344  1.310
Zr  40  90   4.529  0.990
        91   1.158  0.040
        92   1.289  0.540
        94   1.687  0.170
        96   0.000  0.300
Nb  41  93   0.229  0.110
Mo  42  95   0.189  0.213
        96   0.475  0.000
        97   0.156  0.087
        98   0.514  0.093
        100  0.000  0.242
Ru  44  99   0.049  0.000
        100  0.242  0.000
        101  0.050  0.266
        102  0.261  0.327
        104  0.000  0.348
Rh  45  103  0.055  0.289
La  57  139  0.337  0.110
Ce  58  140  0.894  0.089
        142  0.000  0.115
Pr  59  141  0.079  0.082
Nd  60  142  0.227  0.000
        143  0.037  0.065
        144  0.105  0.094
        145  0.020  0.049
        146  0.091  0.053
        148  0.004  0.044
        150  0.000  0.047
Sm  62  147  0.003  0.031
        148  0.038  0.000
        149  0.005  0.031
        150  0.022  0.000
        152  0.018  0.053
        154  0.000  0.059
Eu  63  151  0.000  0.042
        153  0.002  0.048
Gd  64  152  0.001  0.000
        154  0.009  0.000
        155  0.003  0.045
        156  0.015  0.055
        157  0.007  0.046
        158  0.027  0.058
        160  0.000  0.072
Tb  65  159  0.004  0.060
Dy  66  160  0.009  0.000
        161  0.004  0.075
        162  0.016  0.101
        163  0.002  0.093
        164  0.018  0.091
Ho  67  165  0.006  0.083
Er  68  164  0.004  0.000
        166  0.012  0.072
        167  0.005  0.053
        168  0.020  0.047
        170  0.001  0.037
Tm  69  169  0.006  0.031
Yb  70  170  0.006  0.000
        171  0.004  0.029
        172  0.018  0.036
        173  0.008  0.031
        174  0.040  0.037
        176  0.000  0.030
Pd  46  104  0.165  0.000
        105  0.040  0.269
        106  0.186  0.193
        108  0.226  0.145
        110  0.000  0.163
Ag  47  107  0.058  0.239
        109  0.059  0.196
Cd  48  110  0.178  0.000
        111  0.042  0.165
        112  0.198  0.196
        113  0.060  0.139
        114  0.287  0.140
        116  0.000  0.121
In  49  115  0.057  0.121
Sn  50  116  0.511  0.000
        117  0.146  0.128
        118  0.706  0.137
        119  0.155  0.065
        120  1.099  0.078
        122  0.000  0.154
        124  0.000  0.199
Sb  51  121  0.047  0.113
        123  0.000  0.132
Te  52  122  0.133  0.000
        123  0.047  0.000
        124  0.248  0.000
        125  0.088  0.267
        126  0.450  0.525
        128  0.000  1.526
        130  0.000  1.634
I   53  127  0.050  0.851
Xe  54  128  0.126  0.000
        129  0.066  1.240
        130  0.199  0.000
        131  0.087  0.954
        132  0.498  0.800
        134  0.000  0.449
Cs  55  133  0.056  0.315
Ba  56  134  0.178  0.000
        135  0.068  0.298
        136  0.500  0.000
        137  0.372  0.283
        138  3.546  0.225
Lu  71  175  0.006  0.031
        176  0.002  0.000
Hf  72  176  0.008  0.000
        177  0.005  0.024
        178  0.021  0.022
        179  0.007  0.015
        180  0.035  0.020
Ta  73  181  0.009  0.013
W   74  182  0.024  0.012
        183  0.013  0.007
        184  0.029  0.013
        186  0.006  0.031
Re  75  185  0.004  0.014
        187  0.001  0.033
Os  76  186  0.012  0.000
        187  0.006  0.000
        188  0.016  0.079
        189  0.004  0.111
        190  0.021  0.168
        192  0.001  0.293
Ir  77  191  0.005  0.241
        193  0.003  0.408
Pt  78  192  0.010  0.000
        194  0.020  0.431
        195  0.006  0.457
        196  0.035  0.312
        198  0.000  0.099
Au  79  197  0.010  0.176
Hg  80  198  0.035  0.000
        199  0.016  0.043
        200  0.051  0.030
        201  0.020  0.027
        202  0.079  0.026
        204  0.000  0.020
Tl  81  203  0.042  0.012
        205  0.060  0.041
Pb  82  204  0.057  0.000
        206  0.326  0.223
        207  0.313  0.280
        208  1.587  0.118
Bi  83  209  0.051  0.093
Th  90  232  0.000  0.042
U   92  235  0.000  0.006
        238  0.000  0.020