# Busso et al. (2001) barium yields (X_Ba; abundance by mass)
# Column 1: Metallicity
# Column 2: X_Ba for Mstar = 1.5 Msun
# Column 3: X_Ba for Mstar = 3.0 Msun
0.20e-3  0.69e-8  0.13e-7
0.10e-2  0.38e-7  0.46e-7
0.20e-2  0.63e-7  0.87e-7
0.30e-2  0.72e-7  0.11e-6
0.40e-2  0.73e-7  0.12e-6
0.50e-2  0.68e-7  0.13e-6
0.60e-2  0.58e-7  0.13e-6
0.70e-2  0.47e-7  0.12e-6
0.80e-2  0.39e-7  0.11e-6
0.90e-2  0.34e-7  0.98e-7
0.10e-1  0.16e-7  0.43e-7
0.11e-1  0.14e-7  0.39e-7
0.12e-1  0.13e-7  0.34e-7
0.13e-1  0.12e-7  0.32e-7
0.14e-1  0.11e-7  0.29e-7
0.15e-1  0.99e-8  0.27e-7
0.16e-1  0.90e-8  0.25e-7
0.17e-1  0.81e-8  0.23e-7
0.18e-1  0.73e-8  0.22e-7
0.19e-1  0.66e-8  0.20e-7
0.20e-1  0.59e-8  0.19e-7
0.30e-1  0.24e-8  0.94e-8
0.40e-1  0.12e-8  0.50e-8
                                                        
