# Z = 0.0021
# alpha-enhanced infall
# take the mass fraction where the fiducial model has metallicity < 0.002
# box1.metallicity[5] = 0.00209 (metallicity is calculated before enrichment
# so need to take the metallicity of the next time step)
# alpha_en = box1.mgas_iso[4] / box1.mgas_iso[4].sum()
7.575220999999999760e-01
9.096788380000000670e-05
7.133523549999999925e-34
3.405448500000000299e-05
2.407819449999999972e-01
6.809278529999999839e-13
7.897227980000000136e-10
7.014516019999999564e-13
3.082832340000000147e-39
7.133523549999999925e-34
3.082832340000000147e-39
3.082832340000000147e-39
1.933725719999999958e-04
2.605171339999999859e-07
4.051200879999999886e-12
2.331564060000000192e-28
2.321422739999999904e-05
3.082832340000000147e-39
7.133523549999999925e-34
7.654537729999999396e-33
8.792880369999999486e-04
8.805037139999999693e-09
2.605448229999999946e-08
7.133523549999999925e-34
7.809369619999999222e-34
3.082832340000000147e-39
7.145243660000000049e-11
7.133523549999999925e-34
2.432159590000000117e-04
3.242358509999999814e-08
1.040438410000000020e-06
7.133523549999999925e-34
7.133523549999999925e-34
4.722657890000000108e-13
1.541726609999999960e-06
3.082832340000000147e-39
7.133523549999999925e-34
6.555439959999999724e-05
4.816611680000000412e-07
8.845096780000000203e-07
7.133523549999999925e-34
7.133523549999999925e-34
7.644305190000000331e-09
7.133523549999999925e-34
7.133523549999999925e-34
1.687057320000000092e-06
7.133523530000000094e-34
7.133523549999999925e-34
7.340523649999999628e-05
4.118336480000000007e-07
3.327220129999999741e-07
7.133501220000000164e-34
1.024630800000000005e-13
7.133523549999999925e-34
7.133523549999999925e-34
1.384559790000000090e-07
2.615691779999999948e-17
2.184149100000000177e-18
7.133523549999999925e-34
7.133523549999999925e-34
3.300330240000000153e-05
7.379717329999999965e-08
3.432493150000000098e-07
2.679712840000000043e-11
2.261591870000000130e-11
7.133523549999999925e-34
7.133523549999999925e-34
7.133523549999999925e-34
2.854296380000000125e-08
7.133523549999999925e-34
6.082170249999999974e-09
7.133523549999999925e-34
6.338648200000000113e-06
7.133523549999999925e-34
9.881238779999999953e-08
7.133523549999999925e-34
6.032767840000000239e-12
7.133523549999999925e-34
7.133523549999999925e-34
7.133523549999999925e-34
1.317565059999999946e-08
6.444830170000000617e-11
1.507217430000000021e-09
7.133523549999999925e-34
5.570629420000000074e-06
7.133523549999999925e-34
2.808086339999999793e-09
2.436270969999999880e-10
1.314381779999999993e-08
7.133523549999999925e-34
8.646395870000000194e-13
7.133523549999999925e-34
3.082832340000000147e-39
7.133523549999999925e-34
7.133523549999999925e-34
7.133523549999999925e-34
7.133523549999999925e-34
7.133523549999999925e-34
1.533680730000000018e-10
7.133523549999999925e-34
7.133523549999999925e-34
7.133523549999999925e-34
7.133523549999999925e-34
7.133523549999999925e-34
7.133523549999999925e-34
1.632004480000000052e-09
1.854681359999999906e-10
8.144275480000000466e-08
3.506504960000000009e-09
1.040196400000000053e-10
7.133523549999999925e-34
7.133523549999999925e-34
7.133523549999999925e-34
7.133523549999999925e-34
7.133523549999999925e-34
7.133523549999999925e-34
2.531321910000000135e-12
6.321627420000000311e-09
7.133523549999999925e-34
7.133523549999999925e-34
7.133523549999999925e-34
1.419374579999999961e-08
7.133523549999999925e-34
1.026183260000000068e-06
7.500484620000000288e-08
3.473170589999999848e-10
7.133523549999999925e-34
7.133523549999999925e-34
7.133523549999999925e-34
7.133523549999999925e-34
7.133523549999999925e-34
7.133523549999999925e-34
3.088567110000000080e-07
7.133523549999999925e-34
7.133523549999999925e-34
7.133523549999999925e-34
7.133523549999999925e-34
1.321863029999999933e-06
1.386468360000000031e-11
3.561127359999999813e-05
7.731377950000000481e-07
2.003139250000000021e-08
5.300092320000000008e-23
5.070627319999999533e-10
7.133523549999999925e-34
7.133523549999999925e-34
7.133523549999999925e-34
7.133523549999999925e-34
7.133523549999999925e-34
7.133523549999999925e-34
3.948723580000000054e-08
1.332982349999999890e-16
7.133523549999999925e-34
7.133523549999999925e-34
7.133523549999999925e-34
6.026517329999999998e-07
6.601464150000000148e-14
4.808730640000000410e-07
2.658363529999999957e-08
1.246270830000000048e-07
7.133523549999999925e-34
8.697825069999999483e-10
7.133523549999999925e-34
7.133523549999999925e-34
7.133523549999999925e-34
7.133523549999999925e-34
7.133523549999999925e-34
7.133523549999999925e-34
7.133523549999999925e-34
1.870336420000000157e-09
7.133523549999999925e-34
9.938366389999999303e-10
7.133523549999999925e-34
7.133523549999999925e-34
7.133523549999999925e-34
7.133523549999999925e-34
7.133523549999999925e-34
5.860673270000000078e-09
7.133523549999999925e-34
3.697058600000000020e-09
1.508306879999999942e-10
4.489262750000000220e-10
7.133523549999999925e-34
5.320434769999999966e-14
7.133523549999999925e-34
7.133523549999999925e-34
7.133523549999999925e-34
7.133523549999999925e-34
7.133523549999999925e-34
7.133523549999999925e-34
7.133523549999999925e-34
7.133523549999999925e-34
6.448623180000000423e-11
7.133523549999999925e-34
4.905519790000000003e-11
7.133523549999999925e-34
7.133523549999999925e-34
7.133523549999999925e-34
7.133523549999999925e-34
7.133523549999999925e-34
7.133523549999999925e-34
7.133523549999999925e-34
8.596303649999999799e-11
7.133523549999999925e-34
6.535241020000000114e-11
2.016234819999999978e-11
4.935141800000000062e-11
7.133523549999999925e-34
3.082832340000000147e-39
7.133523549999999925e-34
7.133523549999999925e-34
7.133523549999999925e-34
7.133523549999999925e-34
7.133523549999999925e-34
7.220742349999999930e-12
7.133523549999999925e-34
7.133523549999999925e-34
1.106519809999999986e-12
7.133523549999999925e-34
1.567067570000000158e-11
8.156167049999999883e-12
1.678299110000000039e-11
7.133523549999999925e-34
2.433190119999999883e-12
7.133523549999999925e-34
3.082832340000000147e-39
7.133523549999999925e-34
7.133523549999999925e-34
7.133523549999999925e-34
7.133523549999999925e-34
7.133523549999999925e-34
1.020360789999999957e-11
7.133523549999999925e-34
2.534685419999999918e-12
7.133523549999999925e-34
7.133523549999999925e-34
3.330694080000000066e-14
7.133523549999999925e-34
4.326402599999999707e-12
7.133523549999999925e-34
1.318261079999999976e-11
5.397306920000000151e-12
1.919872839999999839e-11
7.133523549999999925e-34
1.230369100000000023e-12
7.133523549999999925e-34
7.133523549999999925e-34
7.133523549999999925e-34
7.133523549999999925e-34
7.133523549999999925e-34
7.133523549999999925e-34
7.133523549999999925e-34
6.118612070000000061e-12
7.133523549999999925e-34
1.312274950000000052e-12
7.133523549999999925e-34
6.642164050000000059e-14
7.133523549999999925e-34
8.712109239999999604e-12
4.909797329999999853e-12
2.118967680000000082e-11
7.133523549999999925e-34
7.133523549999999925e-34
7.133523549999999925e-34
7.133523549999999925e-34
7.133523549999999925e-34
7.133523549999999925e-34
7.133523549999999925e-34
4.070987240000000147e-12
7.133523549999999925e-34
7.133523549999999925e-34
2.145050700000000034e-12
5.105864159999999873e-13
5.280739410000000319e-13
7.133523549999999925e-34
2.565396369999999938e-13
7.133523549999999925e-34
3.082832340000000147e-39
7.133523549999999925e-34
7.133523549999999925e-34
7.133523549999999925e-34
4.715053270000000421e-13
7.133523549999999925e-34
7.133523549999999925e-34
7.133523549999999925e-34
7.133523549999999925e-34
1.092705880000000056e-13
7.133523549999999925e-34
1.743110339999999945e-13
6.317698539999999561e-14
3.711935870000000235e-13
6.476786100000000083e-13
3.082832340000000147e-39
0.000000000000000000e+00
2.698970969999999913e-10
0.000000000000000000e+00
2.563116720000000005e-10
2.037813649999999992e-10
1.928643120000000013e-11
2.204163569999999971e-11
